4
85
135
238
304
429
491
548
601
687
802
926
999
1258
1358
1682
1747
1874
1977
2040
2136
2245
2322
2410
2536
2608
2688
2758
2846
2983
3134
3187
3303
3399
3492
3565
3625
3688
3775
3869
4029
4082
4306
4709
4830
4903
4964
5023
5135
5293
5360
5444
5567
5812
5997
6226
6354
6426
6485
6538
6614
7125
7229
7494
7626
7686
7786
7886
7994
8052
8117
8183
8378
8449
8632
8695
8833
8920
9036
9153
9314
9411
9517
9616
9749
9804
9906
9956
10061
10159
10254
10343
10534
10642
10694
10747
10834
10916
10966
11130
11210
11268
11319
11389
11439
11507
11576
11683
11740
11835
11885
11986
12076
12202
12266
12367
12449
12525
12583
12633
12734
12813
12863
12962
13035
13099
13160
13267
13332
13448
13558
13615
13691
13753
13804
13954
14035
14124
14248
14355
14453
14553
14642
14735
14845
14918
15021
15140
15237
15317
15367
15427
15516
15587
15637
15723
15773
15881
15957
16047
16097
16184
16255
16351
16421
16510
